left top right bottom score
1560.26  1.57553  1646.31  82.2251  6940.21  0.95866  
109.405  95.9014  201.165  172.298  7010.12  0.958054  
1710.8  -0.18729  1790.7  73.6168  5897.03  0.957329  
164.764  192.111  244.665  252.088  4792.22  0.951521  
1037.47  -0.902039  1104.03  72.902  4912.26  0.950919  
1224.97  0.111212  1311.03  60.0881  5161.24  0.9502  
1559.45  2.21063  1647.32  82.5024  7055.64  0.949299  
1710.95  1.31295  1790.68  71.6809  5610.46  0.947996  
361.409  0.359104  445.365  90.994  7609.36  0.944014  
109.824  93.4976  201.302  173.789  7344.92  0.944014  
443.65  0.200638  502.85  54.3699  3206.78  0.943619  
1600.13  84.3281  1660.07  144.836  3627.35  0.943619  
58.0062  -0.0986404  124.564  76.298  5084.82  0.943619  
1790.53  0.246071  1846.63  78.4768  4389.06  0.94312  
278.799  0.313759  358.701  80.9634  6443.99  0.94312  
946.391  0.779392  1032.45  88.6501  7561.61  0.94312  
278.82  -0.145908  358.551  80.1459  6401.69  0.942895  
1927  1.03882  2002.22  81.3306  6039.27  0.942895  
109.764  94.6694  201.242  174.961  7344.92  0.942895  
943.616  -0.618877  1035.74  89.8449  8333.58  0.942895  
1557.33  -0.112667  1649.45  82.4821  7608.69  0.942895  
1710.01  -0.847424  1791.62  73.8413  6095.2  0.942895  
1790.53  -0.455463  1846.63  77.7753  4389.06  0.94181  
1560.26  1.38926  1646.31  82.0389  6940.21  0.94181  
1925.47  -0.668007  2005.37  83.1681  6698.6  0.94181  
747.953  94.3832  821.324  168.187  5415.03  0.94181  
109.405  95.7585  201.165  172.155  7010.12  0.94181  
1414.15  190.123  1494.05  254.076  5109.97  0.94181  
278.8  1.03882  358.53  81.3306  6401.69  0.9416  
945.739  -0.704437  1033.61  89.9304  7964.53  0.9416  
1927.63  1.03882  2002.84  81.3306  6039.27  0.9416  
1710.71  -0.18729  1790.61  73.6168  5897.03  0.940959  
1558.15  1.03882  1646.02  81.3306  7055.64  0.940103  
1556.02  -0.112667  1648.14  82.4821  7608.69  0.940103  
0.662714  94.461  56.7668  154.968  3394.71  0.939943  
75.0728  190.773  161.127  254.727  5503.46  0.939943  
441.452  193.099  498.747  265.737  4161.79  0.93873  
1710.95  1.25296  1790.68  71.621  5610.46  0.938372  
109.503  96.2991  201.623  170.988  6880.38  0.937644  
58.8341  -2.50245  124.292  77.7894  5255.73  0.936685  
1599.52  84.2661  1659.83  145.266  3678.86  0.936685  
164.748  191.177  244.478  252.177  4863.55  0.936685  
60.563  0.299099  122.563  74.9878  4630.7  0.936685  
277.882  -1.29739  359.49  81.2974  6740.4  0.936685  
362.583  0.444664  444.191  90.9084  7382.57  0.936685  
1923.81  -0.112667  2005.42  82.4821  6740.4  0.936685  
816.736  97.0591  888.258  179.654  5907.31  0.936685  
163.809  192.061  245.417  251.292  4833.78  0.936685  
163.809  192.3  245.417  251.532  4833.78  0.936685  
1845.47  -0.396091  1925.37  80.2535  6443.99  0.936419  
287.207  191.854  371.163  272.146  6740.99  0.936372  
58.7741  -1.33064  124.232  78.9612  5255.73  0.935574  
871.617  -0.145908  951.347  80.1459  6401.69  0.935574  
1164.2  1.03882  1224.51  81.3306  4842.33  0.935574  
1164.97  2.21063  1225.27  82.5024  4842.33  0.935574  
817.274  93.0391  887.719  183.674  6384.77  0.935574  
164.748  191.416  244.478  252.416  4863.55  0.935574  
277.861  -1.29739  359.469  81.2974  6740.4  0.935574  
109.443  97.4709  201.563  172.16  6880.38  0.935574  
1161.3  0.719223  1227.86  83.0814  5481.88  0.934806  
443.547  -0.559078  503.133  55.1296  3318.27  0.934516  
443.457  1.71679  503.043  52.8537  3047.05  0.934516  
1600.31  84.5934  1659.89  144.57  3573.79  0.934516  
1225.41  0.18564  1309.36  61.1856  5121.33  0.934289  
870.82  -0.145908  950.551  80.1459  6401.69  0.934289  
947.938  -0.704437  1031.89  89.9304  7609.36  0.934289  
1035.46  1.31295  1105.91  71.6809  4957.07  0.934289  
1225.41  0.165291  1309.36  61.1653  5121.33  0.934289  
362.519  0.59874  446.475  91.2336  7609.36  0.934289  
109.764  93.7826  201.242  174.074  7344.92  0.934289  
1599.76  84.887  1660.07  145.887  3678.86  0.934289  
817.274  93.8022  887.719  184.437  6384.77  0.934289  
1226.58  1.06981  1308.19  60.3015  4833.78  0.934289  
1924.43  -0.112667  2006.04  82.4821  6740.4  0.934289  
1493.5  96.6843  1555.5  187.148  5608.75  0.934289  
1792.28  1.16314  1844.88  77.5598  4018.11  0.93417  
1846.05  -0.145908  1925.78  80.1459  6401.69  0.934063  
1789.91  97.0388  1850.22  177.331  4842.33  0.934063  
443.74  0.200638  502.94  54.3699  3206.78  0.933757  
1771.42  189.032  1828.72  249.539  3466.8  0.933757  
565.044  -0.559078  651.098  55.1296  4792.22  0.933505  
286.873  191.037  372.927  271.686  6940.21  0.933505  
1057.25  96.3961  1106.55  169.033  3581.22  0.933263  
1792.28  0.461605  1844.88  76.8582  4018.11  0.933263  
1558.48  2.44457  1644.35  80.2572  6681.24  0.932907  
0.531054  -0.145908  60.8402  80.1459  4842.33  0.932804  
1035.44  0.203003  1105.89  70.571  4957.07  0.932804  
1494.34  96.5987  1554.65  187.234  5466.11  0.932804  
1411.7  192.186  1495.65  253.186  5121.33  0.932804  
78.0112  189.255  159.619  256.117  5456.46  0.932804  
1412.87  189.255  1494.48  256.117  5456.46  0.932804  
278.799  0.123486  358.701  80.7731  6443.99  0.932672  
1037.38  0.563721  1103.94  71.4363  4717.15  0.931967  
2.41703  94.7263  55.0125  154.703  3154.51  0.931967  
747.763  94.3832  821.133  168.187  5415.03  0.931967  
1773.42  189.887  1826.58  249.119  3148.65  0.931418  
1845.81  -0.145908  1925.54  80.1459  6401.69  0.931399  
1407.21  96.203  1491.16  166.571  5907.83  0.931086  
1494.34  95.2956  1554.65  185.93  5466.11  0.931086  
76.8372  192.186  160.793  253.186  5121.33  0.931086  
76.8372  192.982  160.793  253.982  5121.33  0.931086  
1710.01  -0.907406  1791.62  73.7813  6095.2  0.931086  
288.381  190.703  369.989  273.297  6740.4  0.931086  
1772.47  189.003  1827.53  250.003  3358.85  0.930805  
878.968  191.635  930.31  269.865  4016.52  0.930119  
440.307  192.516  499.893  266.32  4397.7  0.930119  
663.489  192.206  723.798  244.507  3154.22  0.930096  
1790.82  -1.33064  1845.89  78.9612  4421.12  0.929275  
1788.22  -1.33064  1848.53  78.9612  4842.33  0.929275  
1715.58  95.0343  1790.79  147.335  3933.89  0.929275  
240.288  190.151  290.081  260.519  3503.8  0.929275  
1772.47  188.62  1827.53  249.62  3358.85  0.929275  
442.185  1.16426  504.185  53.0751  3218.47  0.929275  
1791.78  1.47091  1844.94  76.1596  3970.33  0.929275  
1.32746  -0.145908  61.6366  80.1459  4842.33  0.929102  
749.143  95.1395  819.588  165.507  4957.07  0.929102  
1845.11  2.65564  1926.72  77.3444  6095.2  0.929102  
564.902  -0.559078  650.956  55.1296  4792.22  0.928919  
1406.22  94.3832  1492.28  168.187  6351.12  0.928919  
111.873  95.0974  197.736  172.91  6681.24  0.928506  
1165.25  190.9  1253.12  261.268  6183.58  0.928328  
443.03  0.96921  503.339  53.2701  3154.22  0.928324  
1056.29  97.313  1106.08  167.681  3503.8  0.928324  
442.185  1.54766  504.185  53.4585  3218.47  0.928324  
60.5031  1.47091  122.503  76.1596  4630.7  0.928324  
870.678  -1.29739  952.286  81.2974  6740.4  0.928324  
1163.36  -0.112667  1225.36  82.4821  5120.88  0.928324  
1164.12  1.05914  1226.12  83.6539  5120.88  0.928324  
1598.68  85.1503  1660.68  144.382  3672.36  0.928324  
1166.87  191.146  1252.93  262.018  6098.85  0.92815  
361.537  0.754578  447.4  90.7546  7727.68  0.927491  
441.638  193.781  498.934  266.418  4161.79  0.927488  
443.03  1.35261  503.339  53.6535  3154.22  0.927223  
798.889  0.206083  874.105  52.507  3933.89  0.927223  
1056.29  97.253  1106.08  167.621  3503.8  0.927223  
240.288  190.13  290.081  260.498  3503.8  0.927223  
1905.9  191.296  1997.37  281.93  8291.08  0.927223  
1906.63  190.186  1998.1  280.82  8291.08  0.927223  
869.882  -1.29739  951.49  81.2974  6740.4  0.927223  
949.112  -0.618877  1030.72  89.8449  7382.57  0.927223  
1034.92  -0.847424  1106.45  73.8413  5341.85  0.927223  
363.693  0.684299  445.301  91.1481  7382.57  0.927223  
1054.61  95.0926  1107.76  169.781  3970.33  0.927223  
1598.68  85.7712  1660.68  145.003  3672.36  0.927223  
1905.57  191.381  1997.69  281.845  8333.58  0.927223  
128.392  -0.999512  273.978  58.2322  8623.31  0.926811  
1844.87  -1.29739  1926.48  81.2974  6740.4  0.926811  
1789.06  99.8404  1851.06  174.529  4630.7  0.926811  
111.873  94.2892  197.736  172.102  6681.24  0.926327  
1.08141  93.0031  56.1446  154.003  3358.85  0.92595  
1599.52  84.887  1659.83  145.887  3678.86  0.92595  
1849.8  95.0343  1944.57  147.335  4956.29  0.92595  
749.295  96.203  819.74  166.571  4957.07  0.92595  
817.214  93.0391  887.659  183.674  6384.77  0.92595  
164.751  191.177  244.481  252.177  4863.55  0.92595  
-0.31436  -1.29739  61.6856  81.2974  5120.88  0.92595  
1226.58  1.04946  1308.19  60.2811  4833.78  0.92595  
1557.33  0.774136  1649.45  83.3689  7608.69  0.92595  
109.443  96.5841  201.563  171.273  6880.38  0.92595  
1598.92  85.7712  1660.92  145.003  3672.36  0.92595  
1851.12  95.2293  1943.24  147.14  4782.06  0.92595  
748.757  94.0426  820.279  168.731  5341.85  0.92595  
816.736  97.8223  888.258  180.417  5907.31  0.92595  
1412.87  189.234  1494.48  256.096  5456.46  0.92595  
361.406  -0.704437  445.362  89.9304  7609.36  0.924478  
1164.2  1.92562  1224.51  82.2174  4842.33  0.924478  
1559.45  1.92562  1647.32  82.2174  7055.64  0.924478  
1496.5  191.034  1576.23  243.335  4169.97  0.924478  
1411.7  192.165  1495.65  253.165  5121.33  0.924478  
763.738  232.329  803.226  354.958  4842.33  0.924478  
1034.9  -1.95737  1106.43  72.7314  5341.85  0.924478  
1408.38  94.0426  1489.99  168.731  6095.2  0.924478  
1493.5  95.3811  1555.5  185.845  5608.75  0.924478  
1495.56  191.229  1577.17  243.14  4236.34  0.924478  
78.0112  190.051  159.619  256.913  5456.46  0.924478  
1169.55  188.979  1251.16  263.668  6095.2  0.924167  
1845.47  0.216629  1925.37  78.8868  6285.84  0.923749  
1558.98  2.44457  1644.85  80.2572  6681.24  0.923456  
1560.3  -2.08262  1642.53  84.7844  7143.33  0.923456  
1770.14  189.297  1829.72  249.274  3573.79  0.922977  
1773.77  189.297  1826.37  249.274  3154.51  0.922977  
947.698  -0.701118  1031.65  89.9338  7609.36  0.922775  
1.08473  94.113  56.1479  155.113  3358.85  0.922775  
275.593  95.8541  346.038  176.146  5656.15  0.922775  
567.562  1.54766  649.17  53.4585  4236.34  0.922775  
0.482044  -1.29739  62.482  81.2974  5120.88  0.922775  
748.605  92.9791  820.127  167.668  5341.85  0.922775  
1055.42  97.2785  1108.01  168.151  3727.57  0.922635  
1055.6  95.8127  1108.2  169.617  3881.76  0.922635  
652.586  -0.0747814  708.691  41.5043  2332.75  0.922227  
1848.76  96.3319  1945.74  147.469  4959.08  0.922227  
820.139  95.0353  886.697  182.128  5796.76  0.922227  
1771.28  189.032  1828.58  249.539  3466.8  0.922227  
1057.06  96.3961  1106.37  169.033  3581.22  0.921739  
58.0062  -0.241474  124.564  76.1551  5084.82  0.921739  
242.391  188.931  289.41  261.569  3415.33  0.921739  
816.068  94.5312  888.87  184.531  6552.19  0.92116  
424.03  94.2237  497.4  140.613  3403.58  0.921156  
1166.42  191.139  1254.29  261.507  6183.58  0.92112  
1168.38  188.739  1249.99  263.428  6095.2  0.92112  
563.697  1.35261  651.572  53.6535  4595.94  0.920809  
566.388  1.35261  650.344  53.6535  4390.98  0.920809  
1413.11  189.255  1494.72  256.117  5456.46  0.920809  
878.606  189.518  931.764  272.113  4390.6  0.920809  
56.0091  95.5412  109.155  178.959  4433.28  0.920594  
1328.03  201.451  1401.4  286.549  6243.74  0.920594  
663.489  191.921  723.798  244.222  3154.22  0.920565  
662.643  192.401  724.643  244.312  3218.47  0.920565  
662.643  192.116  724.643  244.027  3218.47  0.920565  
1925.47  -0.262432  2005.37  82.0998  6580.83  0.920459  
201.3  94.8437  281.201  162.433  5400.49  0.920459  
164.764  191.968  244.665  251.945  4792.22  0.920459  
203.599  95.0004  276.401  161.618  4849.93  0.920399  
713.874  1.35261  789.09  53.6535  3933.89  0.919752  
1791.8  1.47091  1844.96  76.1596  3970.33  0.919752  
1717.42  91.5689  1788.95  150.801  4236.34  0.919752  
1054.61  95.1526  1107.76  169.841  3970.33  0.919752  
242.644  187.99  287.726  262.679  3367.1  0.919752  
1773.42  189.504  1826.58  248.735  3148.65  0.919752  
111.731  97.3453  199.395  169.942  6364.03  0.919752  
1328.07  199.142  1400.87  289.142  6552.19  0.91968  
1309.47  -0.764872  1389.37  40.7649  3318.27  0.919627  
799.315  1.01336  872.685  52.1503  3751.94  0.919627  
1224.97  -0.0316238  1311.03  59.9453  5161.24  0.919627  
126.02  0.505629  276.682  56.9901  8510.03  0.919524  
945.671  0.754578  1031.53  90.7546  7727.68  0.919524  
1714.53  -1.71076  1787.33  76.1019  5664.93  0.919524  
167.13  194.343  239.932  250.828  4112.19  0.919524  
797.779  0.57571  872.995  52.8766  3933.89  0.918811  
242.644  187.97  287.726  262.659  3367.1  0.918811  
1906.31  190.271  1998.43  280.735  8333.58  0.918811  
1496.12  192.332  1576.02  243.469  4085.9  0.918634  
1411.94  192.186  1495.89  253.186  5121.33  0.918538  
880.289  190.669  930.081  270.961  3997.93  0.918538  
439.815  192.299  501.815  266.988  4630.7  0.918538  
60.2307  -1.71076  121.378  76.1019  4758.05  0.918519  
126.02  0.360216  276.682  56.8447  8510.03  0.918519  
1788.23  0.326965  1849.38  78.1396  4758.05  0.918519  
1598.17  86.0032  1659.32  142.488  3453.89  0.918519  
1493.9  96.7546  1555.04  186.755  5503.28  0.918519  
167.13  193.844  239.932  250.328  4112.19  0.918519  
105.851  98.1698  203.758  169.838  7016.73  0.918519  
1789.49  99.0518  1849.08  175.448  4552.18  0.91845  
1482.76  1.82267  1557.97  46.1773  3336.2  0.917722  
423.626  95.4661  498.842  139.821  3336.2  0.917722  
60.5031  0.853649  122.503  75.5424  4630.7  0.917722  
795.693  0.401131  877.301  52.3119  4236.34  0.917722  
1484.76  1.5  1556.28  46.5  3218.47  0.917722  
1484.61  1.5  1556.13  46.5  3218.47  0.917722  
425.473  95.1435  496.995  140.143  3218.47  0.917722  
816.676  93.1247  888.198  183.588  6470.11  0.917722  
163.812  192.061  245.42  251.292  4833.78  0.917722  
1494.83  191.229  1576.44  243.14  4236.34  0.917722  
945.845  1.34903  1033.51  87.877  7585.32  0.917722  
440.493  193.198  500.079  267.002  4397.7  0.917449  
286.419  192.327  372.282  270.14  6681.24  0.91737  
1847.2  94.5622  1947.5  151.047  5664.93  0.917366  
112.308  94.2892  198.172  172.102  6681.24  0.917366  
363.352  2.32107  445.585  89.1881  7143.33  0.917366  
58.7741  -1.9479  124.232  78.3439  5255.73  0.916462  
1482.91  1.82267  1558.13  46.1773  3336.2  0.916462  
1495.77  191.034  1575.5  243.335  4169.97  0.916462  
1163.36  0.774136  1225.36  83.3689  5120.88  0.916462  
2.03385  93.8872  55.1922  153.119  3148.65  0.916462  
1711.99  1.34531  1789.64  73.9416  5637.78  0.916462  
1789.35  97.0388  1849.66  177.331  4842.33  0.916046  
1329.27  203.241  1399.72  283.533  5656.15  0.916046  
1714.25  -2.14635  1787.05  75.6663  5664.93  0.916042  
275.654  2.44457  361.517  80.2572  6681.24  0.916042  
275.154  2.44457  361.017  80.2572  6681.24  0.916042  
1406.42  92.3458  1492.28  170.158  6681.24  0.916042  
1493.57  96.7546  1554.72  186.755  5503.28  0.916042  
1410.82  189.277  1496.69  255.895  5720.03  0.916042  
105.851  97.3617  203.758  169.029  7016.73  0.916042  
106.287  97.3617  204.193  169.029  7016.73  0.916042  
286.873  190.757  372.927  271.406  6940.21  0.916035  
1407.21  95.5821  1491.16  165.95  5907.83  0.915918  
443.284  194.459  498.347  264.827  3874.69  0.915918  
128.392  -2.11277  273.978  57.1189  8623.31  0.915918  
1308.63  -1.68039  1388.36  42.6743  3536.41  0.915004  
423.005  95.4661  498.221  139.821  3336.2  0.915004  
1.08141  94.1163  56.1446  155.116  3358.85  0.915004  
1227.14  1.06981  1308.74  60.3015  4833.78  0.915004  
1307.69  1.20562  1389.3  39.7883  3148.65  0.915004  
362.58  -0.618877  444.188  89.8449  7382.57  0.915004  
275.055  94.7026  346.576  177.297  5907.31  0.915004  
1851.12  95.8466  1943.24  147.757  4782.06  0.915004  
760.941  230.676  806.023  356.611  5677.34  0.915004  
1558.25  -2.07924  1645.92  84.4487  7585.32  0.915004  
1714.25  -1.71076  1787.05  76.1019  5664.93  0.914523  
747.599  92.3458  820.401  170.158  5664.93  0.914523  
1709.53  0.926094  1791.77  72.5938  5893.45  0.914523  
277.469  -2.08262  359.702  84.7844  7143.33  0.914523  
1560.8  -2.08262  1643.03  84.7844  7143.33  0.914523  
55.8554  97.0388  110.919  177.331  4421.12  0.913573  
1788.5  95.8873  1850.5  178.482  5120.88  0.913573  
1328.74  202.09  1400.26  284.684  5907.31  0.913573  
1225.96  -0.823456  1309.92  60.1765  5121.33  0.913319  
1491.71  95.2956  1557.17  185.93  5932.77  0.913319  
1849.8  95.6515  1944.57  147.952  4956.29  0.913319  
761.347  232.329  805.921  354.958  5466.11  0.913319  
566.83  1.54766  648.438  53.4585  4236.34  0.913319  
948.872  -0.615559  1030.48  89.8482  7382.57  0.913319  
2.03717  94.9972  55.1955  154.229  3148.65  0.913319  
1493.44  95.3811  1555.44  185.845  5608.75  0.913319  
287.824  190.669  371.78  270.961  6740.99  0.912898  
1560.32  2.98647  1646.18  80.7991  6681.24  0.912781  
60.6663  0.326965  121.814  78.1396  4758.05  0.912781  
1929.35  2.44457  2002.16  80.2572  5664.93  0.912781  
1493.9  96.2214  1555.04  186.221  5503.28  0.912781  
197.068  96.1055  282.932  162.723  5720.03  0.912781  
1562.14  -1.54073  1644.37  85.3263  7143.33  0.912781  
749.78  95.4183  818.22  167.086  4904.99  0.912781  
0.775499  1.52318  60.7244  79.7539  4689.84  0.912342  
1018.87  190.012  1092.24  249.988  4400.53  0.912342  
359.314  -0.177174  445.177  89.8228  7727.68  0.912243  
1008.29  93.4976  1058.08  173.789  3997.93  0.911373  
1.11687  2.44457  62.2644  80.2572  4758.05  0.911018  
662.8  190.562  723.947  247.047  3453.89  0.911018  
56.7995  98.4446  107.691  176.257  3960.02  0.910784  
1788.67  98.4446  1849.81  176.257  4758.05  0.910784  
75.7175  190.382  161.581  257  5720.03  0.910784  
1410.82  190.382  1496.69  257  5720.03  0.910784  
1709.53  1.36168  1791.77  73.0294  5893.45  0.910784  
1924.64  -2.08262  2006.87  84.7844  7143.33  0.910784  
1277.94  157.039  1343.39  247.674  5932.77  0.910682  
653.653  2.27373  708.716  39.487  2049.08  0.910446  
124.823  0.505629  275.484  56.9901  8510.03  0.910265  
816.068  94.2791  888.87  184.279  6552.19  0.910265  
1716.47  92.5245  1789.27  149.009  4112.19  0.910265  
239.905  191  290.797  257.618  3390.31  0.910265  
661.895  190.562  723.043  247.047  3453.89  0.910265  
1768.66  190.562  1829.81  247.047  3453.89  0.910265  
818.249  96.0977  886.689  182.965  5945.24  0.910265  
1007.99  94.3028  1057.29  172.534  3856.98  0.909952  
879.248  191.635  930.59  269.865  4016.52  0.909952  
1056.91  97.313  1106.7  167.681  3503.8  0.909752  
663.119  192.206  723.428  244.507  3154.22  0.909752  
715.721  1.54766  787.243  53.4585  3712.74  0.909752  
1055.22  95.1526  1108.38  169.841  3970.33  0.909752  
662.274  192.401  724.274  244.312  3218.47  0.909752  
654.151  -0.0501232  706.746  41.4796  2184.27  0.909542  
654.341  -0.0501232  706.936  41.4796  2184.27  0.909542  
54.5522  97.0388  109.615  177.331  4421.12  0.90942  
1576.66  191.854  1636.97  272.146  4842.33  0.90942  
1575.82  190.703  1637.82  273.297  5120.88  0.90942  
1033.35  -3.50875  1106.16  74.3039  5664.93  0.9094  
1788.23  0.226677  1849.38  78.0393  4758.05  0.9094  
1716.37  94.5622  1789.17  151.047  4112.19  0.9094  
816.32  94.5312  889.122  184.531  6552.19  0.9094  
1055.42  99.8866  1106.31  166.505  3390.31  0.9094  
1716.37  93.7541  1789.17  150.238  4112.19  0.9094  
160.927  194.343  246.79  250.828  4849.93  0.9094  
1499.29  188.525  1572.09  245.009  4112.19  0.9094  
123.351  -0.57151  279.351  58.0672  9147.64  0.9094  
3.45789  -2.08262  59.9234  84.7844  4904.99  0.9094  
947.486  2.32107  1029.72  89.1881  7143.33  0.9094  
664.307  192.332  723.893  243.469  3047.05  0.909205  
243.032  189.814  288.769  260.686  3241.5  0.909205  
1007.1  93.4759  1056.9  173.768  3997.93  0.909126  
652.468  -1.68039  707.532  42.6743  2442.31  0.908949  
653.421  1.20562  706.579  39.7883  2050.99  0.908949  
1308.08  1.20562  1389.68  39.7883  3148.65  0.908949  
1788.86  2.51712  1847.86  75.1134  4283.18  0.908949  
1329.21  204.351  1399.66  284.643  5656.15  0.908934  
652.396  -0.0747814  708.5  41.5043  2332.75  0.908803  
1599.88  85.2968  1659.46  145.274  3573.79  0.908803  
243.032  189.904  288.769  260.776  3241.5  0.908803  
1788.23  98.1645  1849.38  175.977  4758.05  0.908496  
1788.23  98.4446  1849.38  176.257  4758.05  0.908496  
75.7175  189.277  161.581  255.895  5720.03  0.908496  
879.905  191.097  930.797  268.91  3960.02  0.908496  
879.905  192.327  930.797  270.14  3960.02  0.908496  
1330.25  200.708  1398.69  287.575  5945.24  0.908496  
360.698  0.754578  446.561  90.7546  7727.68  0.908406  
442.193  -1.00219  503.341  55.4823  3453.89  0.908406  
1787.42  0.326965  1848.57  78.1396  4758.05  0.908406  
747.599  92.4913  820.401  170.304  5664.93  0.908406  
1599.51  86.0032  1660.66  142.488  3453.89  0.908406  
1055.32  94.2892  1106.21  172.102  3960.02  0.908406  
1598.17  86.935  1659.32  143.419  3453.89  0.908406  
239.905  192.105  290.797  258.723  3390.31  0.908406  
1908.76  192.755  1994.62  282.755  7727.68  0.908406  
123.351  -0.716923  279.351  57.9218  9147.64  0.908406  
1709.81  1.36168  1792.05  73.0294  5893.45  0.908406  
198.884  92.4755  281.116  164.143  5893.45  0.908406  
162.415  193.266  244.648  251.905  4822.03  0.908406  
1599.98  85.0316  1659.93  145.539  3627.35  0.908322  
714.065  0.155668  787.435  55.8443  4085.9  0.908322  
364.049  1.32308  443.951  90.8763  7155.4  0.908322  
1848.85  96.3319  1945.83  147.469  4959.08  0.908322  
663.444  190.816  723.393  244.985  3247.38  0.908322  
1280.01  158.531  1341.16  248.531  5503.28  0.908245  
713.077  1.35261  788.294  53.6535  3933.89  0.908018  
797.775  0.206083  872.992  52.507  3933.89  0.908018  
1309.02  -1.68039  1388.75  42.6743  3536.41  0.908018  
423.005  90.7299  498.221  143.031  3933.89  0.908018  
799.623  0.401131  871.144  52.3119  3712.74  0.908018  
799.626  0.770758  871.148  52.6816  3712.74  0.908018  
424.852  94.3803  496.374  139.38  3218.47  0.908018  
1717.42  95.6103  1788.95  147.521  3712.74  0.908018  
57.4726  2.51712  125.533  75.1134  4940.96  0.908018  
62.063  1.34531  121.063  73.9416  4283.18  0.908018  
364.557  2.41257  442.217  88.9405  6719.7  0.908018  
443.685  2.34959  502.685  51.8897  2922.87  0.908018  
1164.86  -2.07924  1223.86  84.4487  5105.15  0.908018  
1600.18  84.6294  1659.18  144.903  3556.13  0.908018  
818.467  95.0926  886.527  181.621  5889.16  0.908018  
165.783  191.54  243.443  251.813  4680.79  0.908018  
1790.53  -0.365444  1846.63  77.8653  4389.06  0.907747  
1716.56  94.056  1789.94  149.745  4085.9  0.907747  
242.391  189.021  289.41  261.659  3415.33  0.907747  
60.2307  -0.902588  121.378  76.91  4758.05  0.907265  
1164.96  2.16451  1226.1  79.9771  4758.05  0.907265  
869.068  0.326965  954.932  78.1396  6681.24  0.907265  
1162.78  2.44457  1223.92  80.2572  4758.05  0.907265  
1846.92  94.5622  1947.22  151.047  5664.93  0.907265  
57.7313  92.3509  108.623  182.351  4580.26  0.907265  
1768.66  190.998  1829.81  247.482  3453.89  0.907265  
1790.57  3.29912  1847.04  74.9669  4046.76  0.907265  
749.78  95.5637  818.22  167.231  4904.99  0.907265  
1601.85  84.9261  1658.32  143.565  3311.06  0.907265  
1490.25  98.3211  1558.69  185.188  5945.24  0.907265  
162.415  192.767  244.648  251.405  4822.03  0.907265  
56.2841  94.7006  108.88  179.8  4475.81  0.907109  
878.341  190.425  930.936  271.075  4241.8  0.907061  
1790.82  -1.32441  1845.89  78.9674  4421.12  0.906942  
1715.58  95.4152  1790.79  147.716  3933.89  0.906942  
279.856  -3.26397  357.515  83.264  6719.7  0.906942  
1165.62  -0.907433  1224.62  85.6205  5105.15  0.906942  
1559.56  -0.907433  1647.22  85.6205  7585.32  0.906942  
1925.78  -2.07924  2003.44  84.4487  6719.7  0.906942  
360.665  2.65221  448.329  89.1801  7585.32  0.906942  
111.671  98.5171  199.335  171.113  6364.03  0.906942  
165.783  192.529  243.443  252.802  4680.79  0.906942  
1408.38  94.0393  1489.99  168.728  6095.2  0.906533  
288.998  189.518  370.606  272.113  6740.4  0.906533  
870.149  0.59362  950.05  79.2638  6285.84  0.906241  
1277.47  159.021  1344.03  247.55  5892.31  0.906166  
442.193  -1.43778  503.341  55.0467  3453.89  0.905956  
564.759  -1.43778  650.622  55.0467  4849.93  0.905956  
1225.54  2.34334  1311.4  58.8278  4849.93  0.905956  
1929.35  1.24691  2002.16  79.0595  5664.93  0.905956  
1033.35  -1.71076  1106.16  76.1019  5664.93  0.905956  
425.353  92.7478  498.156  140.19  3453.89  0.905956  
1847.2  93.7541  1947.5  150.238  5664.93  0.905956  
1909.38  190.531  1995.24  280.531  7727.68  0.905956  
56.5841  3.29912  125.025  74.9669  4904.99  0.905956  
1161.31  -1.54073  1229.75  85.3263  5945.24  0.905956  
56.5841  1.36168  125.025  73.0294  4904.99  0.905956  
276.969  -2.08262  359.202  84.7844  7143.33  0.905956  
1159.13  -2.08262  1227.57  84.7844  5945.24  0.905956  
1790.57  3.39941  1847.04  75.0672  4046.76  0.905956  
1600.52  84.9261  1656.98  143.565  3311.06  0.905956  
1848.4  93.4851  1946.3  152.124  5741.1  0.905956  
1841.82  0.326965  1927.68  78.1396  6681.24  0.905877  
440.075  191.097  501.223  268.91  4758.05  0.905877  
440.075  190.289  501.223  268.102  4758.05  0.905877  
288.234  187.8  370.467  274.667  7143.33  0.905877  
1308.63  1.83034  1388.36  39.0436  2967.02  0.905697  
1307.69  1.14564  1389.3  39.7283  3148.65  0.905697  
424.852  95.1435  496.374  140.143  3218.47  0.905697  
2.03385  95.0005  55.1922  154.232  3148.65  0.905697  
1223.56  0.548954  1311.22  60.8223  5283.76  0.905697  
1.18564  -3.26397  60.1856  83.264  5105.15  0.905697  
279.836  -2.07924  357.495  84.4487  6719.7  0.905697  
946.085  1.34903  1033.75  87.877  7585.32  0.905697  
1036.66  0.198792  1104.72  72.7951  4940.96  0.905697  
1223.56  0.528605  1311.22  60.802  5283.76  0.905697  
1926.4  -2.07924  2004.06  84.4487  6719.7  0.905697  
111.671  97.6303  199.335  170.227  6364.03  0.905697  
1600.42  85.2503  1659.42  145.524  3556.13  0.905697  
818.467  95.8557  886.527  182.384  5889.16  0.905697  
1020.26  189.003  1090.7  250.003  4297.14  0.905418  
56.8079  95.8873  109.966  178.482  4390.6  0.905418  
1329.12  203.2  1400.64  285.794  5907.31  0.905418  
1414.15  190.309  1494.05  254.263  5109.97  0.905263  
565.378  -1.43778  651.241  55.0467  4849.93  0.904453  
1406.42  92.4913  1492.28  170.304  6681.24  0.904453  
425.353  93.6525  498.156  141.095  3453.89  0.904453  
879.625  192.327  930.517  270.14  3960.02  0.904453  
566.574  -2.51492  648.807  56.1238  4822.03  0.904453  
1924.64  -3.28028  2006.87  83.5867  7143.33  0.904453  
1489.92  98.3211  1558.36  185.188  5945.24  0.904453  
1412.64  186.752  1494.87  258.419  5893.45  0.904453  
1165.84  192.605  1251.7  259.223  5720.03  0.904299  
200.501  93.1818  280.231  163.55  5610.46  0.904256  
1036.63  -0.911152  1104.7  71.6852  4940.96  0.904256  
1559.56  -1.19244  1647.22  85.3355  7585.32  0.904256  
1495  98.6522  1554  185.18  5105.15  0.904256  
1414.85  192.549  1492.51  252.822  4680.79  0.904256  
1277.38  159.035  1343.94  246.128  5796.76  0.903731  
1018.68  190.012  1092.05  249.988  4400.53  0.903731  
937.414  343.235  1010.78  384.765  3047.05  0.903731  
1274.9  157.125  1346.43  247.588  6470.11  0.903612  
877.653  190.495  932.716  270.787  4421.12  0.903544  
1166.13  191.139  1254.01  261.507  6183.58  0.903544  
1169.27  192.893  1250.88  259.754  5456.46  0.903544  
373.471  191.098  440.029  264.902  4912.26  0.903216  
1843.15  0.326965  1929.02  78.1396  6681.24  0.902882  
286.419  192.227  372.282  270.039  6681.24  0.902882  
286.139  192.327  372.002  270.14  6681.24  0.902882  
1328.32  199.469  1401.12  289.469  6552.19  0.902882  
442.293  -1.43778  503.441  55.0467  3453.89  0.90273  
1225.54  1.84366  1311.4  58.3281  4849.93  0.90273  
1493.38  190.562  1579.24  247.047  4849.93  0.90273  
1227.35  1.2662  1309.59  59.9049  4822.03  0.90273  
1035.53  1.36168  1103.97  73.0294  4904.99  0.90273  
1408.23  95.5637  1490.47  167.231  5893.45  0.90273  
1490.25  97.7879  1558.69  184.655  5945.24  0.90273  
1408.23  95.4183  1490.47  167.086  5893.45  0.90273  
881.971  187.8  928.171  274.667  4013.27  0.90273  
884.019  96.2006  940.123  150.37  3039.11  0.902702  
1.56837  0.313759  61.1545  80.9634  4805.6  0.902702  
1495.98  192.332  1575.88  243.469  4085.9  0.902702  
761.093  230.676  806.175  356.611  5677.34  0.902591  
1711.99  0.138809  1789.64  72.7351  5637.78  0.902591  
1.98204  3.70185  60.982  76.2981  4283.18  0.902591  
1495  97.349  1554  183.877  5105.15  0.902591  
74.9837  192.549  162.647  252.822  5283.76  0.902591  
285.353  188.736  373.016  275.264  7585.32  0.902591  
363.352  1.38932  445.585  88.2563  7143.33  0.900827  
440.661  194.09  500.97  264.458  4243.84  0.900821  
1020.41  189.003  1090.86  250.003  4297.14  0.900821  
56.7995  92.0708  107.691  182.071  4580.26  0.900755  
439.533  192.327  500.681  270.14  4758.05  0.900755  
567.193  -2.51492  649.426  56.1238  4822.03  0.900755  
57.0197  3.39941  125.46  75.0672  4904.99  0.900755  
198.884  93.5806  281.116  165.248  5893.45  0.900755  
1006.61  96.2991  1059.76  170.988  3970.33  0.900668  
1847.09  3.70185  1924.75  76.2981  5637.78  0.900668  
875.599  0.226677  948.401  78.0393  5664.93  0.900264  
1769.58  190.562  1830.73  247.047  3453.89  0.900264  
661.895  190.998  723.043  247.482  3453.89  0.900264  
56.187  95.8873  109.345  178.482  4390.6  0.900101  
1019.72  189.887  1091.24  249.119  4236.34  0.900101  
1165.84  193.943  1251.7  260.561  5720.03  0.8998  
1328.07  199.469  1400.87  289.469  6552.19  0.8998  
275.654  1.24691  361.517  79.0595  6681.24  0.899617  
870.884  -3.28028  953.116  83.5867  7143.33  0.899617  
1103.18  3  1164.33  93  5503.28  0.899459  
1281.12  158.531  1342.26  248.531  5503.28  0.899459  
1167.06  193.943  1252.93  260.561  5720.03  0.899459  
288.234  187.699  370.467  274.566  7143.33  0.899459  
1330.5  201.035  1398.94  287.902  5945.24  0.899459  
1006.34  95.2199  1058.94  171.616  4018.11  0.899062  
878.621  190.425  931.216  271.075  4241.8  0.899062  
423.969  92.7478  496.772  140.19  3453.89  0.898874  
1007.9  94.2892  1058.8  172.102  3960.02  0.898874  
122.153  -0.57151  278.153  58.0672  9147.64  0.898874  
1841.82  1.24691  1927.68  79.0595  6681.24  0.898493  
1405.22  92.3458  1491.08  170.158  6681.24  0.898493  
54.0127  93.6373  110.478  180.504  4904.99  0.898493  
54.0127  93.9174  110.478  180.784  4904.99  0.898493  
1791.01  93.9174  1847.47  180.784  4904.99  0.898493  
77.5327  194.371  159.766  253.01  4822.03  0.898493  
1412.64  187.857  1494.87  259.525  5893.45  0.898493  
1005.42  96.2774  1058.58  170.966  3970.33  0.898447  
56.8079  96.2683  109.966  178.863  4390.6  0.898447  
1846.85  3.70185  1924.51  76.2981  5637.78  0.898447  
1790.56  100.887  1849.56  173.483  4283.18  0.898447  
653.421  1.58902  706.579  40.1717  2050.99  0.898207  
1770.5  189.366  1829.5  249.64  3556.13  0.898207  
798.851  -1.43778  871.653  55.0467  4112.19  0.89802  
945.816  0.221378  1031.68  90.2214  7727.68  0.89802  
1007.9  93.8537  1058.8  171.666  3960.02  0.89802  
1055.32  93.8537  1106.21  171.666  3960.02  0.89802  
818.249  95.8456  886.689  182.713  5945.24  0.89802  
665.141  189.485  721.606  248.124  3311.06  0.89802  
664.143  193.586  723.143  243.127  2922.87  0.897523  
664.143  193.301  723.143  242.842  2922.87  0.897523  
715.599  -1.43778  788.401  55.0467  4112.19  0.897039  
798.851  -1.00219  871.653  55.4823  4112.19  0.897039  
763.006  227.116  804.994  358.403  5512.37  0.897039  
763.006  227.552  804.994  358.839  5512.37  0.897039  
947.631  1.78787  1029.86  88.6549  7143.33  0.897039  
1035.53  -0.436306  1103.97  71.2314  4904.99  0.897039  
1010.25  96.9261  1056.45  168.594  3311.06  0.897039  
1718.55  93.4851  1786.99  152.124  4013.27  0.897039  
1718.65  91.4474  1787.09  150.086  4013.27  0.897039  
819.153  96.0977  887.594  182.965  5945.24  0.897039  
1010.25  97.3617  1056.45  169.029  3311.06  0.897039  
162.742  191.428  244.975  250.067  4822.03  0.897039  
242.251  188.475  288.451  260.143  3311.06  0.897039  
664.236  195.002  720.702  242.607  2688  0.897039  
1771  189.485  1827.47  248.124  3311.06  0.897039  
1788.88  2.51712  1847.88  75.1134  4283.18  0.896731  
1714.36  91.048  1792.01  151.321  4680.79  0.896731  
1055.89  96.1988  1106.48  168.795  3672.36  0.896731  
239.892  189.037  290.478  261.633  3672.36  0.896731  
1770.5  188.983  1829.5  249.256  3556.13  0.896731  
1405.89  94.3832  1491.95  168.187  6351.12  0.896707  
497.816  190.709  583.679  293.782  8850.23  0.896461  
1278.61  97.8662  1331.76  157.098  3148.65  0.89614  
798.997  -1.43778  871.799  55.0467  4112.19  0.895912  
1225.79  2.34334  1311.65  58.8278  4849.93  0.895912  
715.599  -1.00219  788.401  55.4823  4112.19  0.895912  
362.513  2.32107  444.746  89.1881  7143.33  0.895912  
1789.76  3.39941  1846.23  75.0672  4046.76  0.895912  
1052.53  96.9261  1109  168.594  4046.76  0.895912  
1052.53  97.3617  1109  169.029  4046.76  0.895912  
1057.77  97.3617  1103.97  169.029  3311.06  0.895912  
1718.55  92.6769  1786.99  151.316  4013.27  0.895912  
1494.57  187.447  1576.81  246.086  4822.03  0.895912  
1902.74  194.321  2000.64  281.188  8504.83  0.895912  
0.0117779  2.44457  61.1593  80.2572  4758.05  0.895903  
1928.42  2.44457  2001.22  80.2572  5664.93  0.895903  
1274.19  94.3817  1335.34  161  4073.53  0.895903  
1923.71  -2.08262  2005.94  84.7844  7143.33  0.895903  
1790.57  93.6373  1847.04  180.504  4904.99  0.895903  
1407.04  95.4183  1489.27  167.086  5893.45  0.895903  
77.5327  193.266  159.766  251.905  4822.03  0.895903  
877.118  186.57  933.584  273.437  4904.99  0.895903  
441.874  195.399  498.34  267.067  4046.76  0.895903  
882.251  187.8  928.451  274.667  4013.27  0.895903  
55.8554  97.4198  110.919  177.712  4421.12  0.895884  
127.222  -1.52036  275.148  58.753  8915.99  0.895884  
1166.52  190.025  1254.19  262.622  6364.03  0.895884  
714.925  1.54766  786.446  53.4585  3712.74  0.895813  
1791.78  1.47714  1844.94  76.1659  3970.33  0.895813  
443.685  2.73299  502.685  52.2731  2922.87  0.895813  
239.892  189.016  290.478  261.613  3672.36  0.895813  
1908.53  192.239  1996.2  278.767  7585.32  0.895813  
1576.66  194.445  1637.81  272.257  4758.05  0.895552  
1276.37  160.098  1344.81  246.965  5945.24  0.895552  
1103.52  1.3682  1163.83  92.0031  5466.11  0.895546  
1104.53  2.1646  1164.84  92.7995  5466.11  0.895546  
1102.68  1.45376  1164.68  91.9175  5608.75  0.895546  
797.667  1.58647  875.327  51.1266  3847.25  0.894751  
1481.54  -0.770069  1559.2  48.7701  3847.25  0.894751  
872.652  3.70185  950.312  76.2981  5637.78  0.894751  
422.404  92.8734  500.064  142.414  3847.25  0.894751  
1055.89  96.1388  1106.48  168.735  3672.36  0.894751  
818.407  95.0926  886.467  181.621  5889.16  0.894751  
1907.8  193.349  1995.47  279.877  7585.32  0.894751  
937.354  96.932  1010.16  200.006  7503.99  0.894677  
1483.6  1.14598  1556.4  48.588  3453.89  0.894619  
3.15654  94.5622  54.0483  151.047  2874.59  0.894619  
870.884  -4.20023  953.116  82.6668  7143.33  0.894619  
1848.12  93.4851  1946.02  152.124  5741.1  0.894619  
54.9444  93.9174  111.41  180.784  4904.99  0.894619  
1600.52  85.8578  1656.98  144.497  3311.06  0.894619  
242.251  189.581  288.451  261.248  3311.06  0.894619  
1903.36  192.098  2001.26  278.965  8504.83  0.894619  
1600.31  84.8071  1659.89  144.784  3573.79  0.893976  
1006.62  95.2199  1059.22  171.616  4018.11  0.893905  
1167.02  191.146  1253.07  262.018  6098.85  0.893905  
1164.79  0.532951  1224.37  82.8952  4907.65  0.893645  
663.625  192.762  723.211  243.899  3047.05  0.893645  
1710.96  1.31295  1790.69  71.6809  5610.46  0.893522  
884.103  97.3526  939.166  149.654  2879.85  0.893522  
885.055  93.8872  938.213  153.119  3148.65  0.893522  
199.562  94.9349  281.17  161.797  5456.46  0.893522  
57.4726  1.63032  125.533  74.2266  4940.96  0.893522  
1481.69  -0.770069  1559.35  48.7701  3847.25  0.893522  
871.856  3.70185  949.515  76.2981  5637.78  0.893522  
1164.86  -1.19244  1223.86  85.3355  5105.15  0.893522  
-0.886997  94.4763  58.113  154.75  3556.13  0.893522  
1600.18  85.2503  1659.18  145.524  3556.13  0.893522  
1848.22  97.5865  1946.15  147.127  4851.23  0.893522  
-0.886997  94.4796  58.113  154.753  3556.13  0.893522  
750.488  95.0888  818.548  167.685  4940.96  0.893522  
165.787  191.54  243.446  251.813  4680.79  0.893522  
1496.8  192.415  1574.46  241.955  3847.25  0.893522  
1409.84  192.529  1497.51  252.802  5283.76  0.893522  
1792.28  0.551624  1844.88  76.9482  4018.11  0.89325  
1559.55  0.0689583  1645.61  82.4312  7087.58  0.89325  
1164.05  4.62484  1225.2  82.4375  4758.05  0.893135  
1848.4  92.6769  1946.3  151.316  5741.1  0.893135  
1771  189.921  1827.47  248.559  3311.06  0.893135  
1019.29  190.562  1092.09  247.047  4112.19  0.892941  
1843.63  -4.20023  1925.86  82.6668  7143.33  0.892941  
1844.97  -4.20023  1927.2  82.6668  7143.33  0.892941  
1790.57  93.9174  1847.04  180.784  4904.99  0.892941  
442.416  194.17  498.882  265.838  4046.76  0.892941  
1789.35  97.6561  1849.66  177.948  4842.33  0.89293  
1788.5  100.458  1850.5  175.146  4630.7  0.89293  
878.606  189.344  931.764  271.938  4390.6  0.89293  
1165.35  189.786  1253.02  262.382  6364.03  0.89293  
714.396  2.43154  787.766  53.5685  3751.94  0.892212  
663.444  191.246  723.393  245.415  3247.38  0.892212  
1309.67  0.33264  1387.33  40.6612  3131.89  0.892101  
359.552  1.34903  447.215  87.877  7585.32  0.892101  
276.785  93.9208  344.846  180.449  5889.16  0.892101  
1405.35  95.0888  1493.02  167.685  6364.03  0.892101  
1497.54  193.586  1575.2  243.127  3847.25  0.892101  
762.916  234.143  805.816  353.143  5105.15  0.892101  
1277.65  96.982  1332.72  157.982  3358.85  0.89159  
1277.96  157.802  1343.41  248.437  5932.77  0.89159  
439.815  192.277  501.815  266.966  4630.7  0.89159  
1019.87  189.887  1091.39  249.119  4236.34  0.89159  
870.799  0.736206  950.701  79.4064  6285.84  0.891537  
75.9976  189.277  161.861  255.895  5720.03  0.891434  
1410.64  189.277  1496.5  255.895  5720.03  0.891434  
444.534  -2.51492  500.999  56.1238  3311.06  0.891434  
1018.18  190.562  1090.99  247.047  4112.19  0.891096  
1167.65  190.08  1249.88  261.748  5893.45  0.891096  
1411.26  190.773  1497.31  254.727  5503.46  0.890732  
75.0728  190.683  161.127  254.637  5503.46  0.890732  
1277.96  157.039  1343.41  247.674  5932.77  0.890547  
1329.27  203.238  1399.72  283.53  5656.15  0.890547  
884.834  96.2061  939.897  148.507  2879.85  0.890459  
884.903  96.4011  938.061  148.312  2759.49  0.890459  
563.803  2.73299  651.466  52.2731  4342.85  0.890459  
564.534  2.73299  652.197  52.2731  4342.85  0.890459  
1224.11  0.548954  1311.77  60.8223  5283.76  0.890459  
945.845  1.9699  1033.51  88.4978  7585.32  0.890459  
-0.883678  94.4763  58.1163  154.75  3556.13  0.890459  
750.335  95.0888  818.396  167.685  4940.96  0.890459  
1490.41  98.4126  1558.47  184.941  5889.16  0.890459  
1848.22  97.0319  1946.15  146.572  4851.23  0.890459  
74.9837  193.345  162.647  253.619  5283.76  0.890459  
762.184  234.143  805.084  353.143  5105.15  0.890459  
885.774  95.4409  938.369  151.13  2928.97  0.88977  
1575.43  192.327  1636.58  270.14  4758.05  0.889556  
1021.47  189.485  1089.91  248.124  4013.27  0.889556  
287.954  187.8  370.187  274.667  7143.33  0.889556  
442.416  193.362  498.882  265.029  4046.76  0.889556  
1328.74  202.086  1400.26  284.681  5907.31  0.889504  
1227.35  0.766525  1309.59  59.4052  4822.03  0.889484  
1495.19  189.485  1577.43  248.124  4822.03  0.889484  
496.308  188.463  582.172  291.537  8850.23  0.888853  
0.956856  1.1132  60.543  79.7834  4687.65  0.888622  
885.064  95.4409  937.659  151.13  2928.97  0.888622  
75.633  190.773  161.687  254.727  5503.46  0.888622  
287.304  189.569  373.358  271.931  7087.58  0.888622  
1007.89  97.3453  1058.48  169.942  3672.36  0.888561  
1410.08  192.549  1497.75  252.822  5283.76  0.888561  
654.707  0.726343  705.599  40.2113  2009.46  0.88852  
3.30196  96.5056  54.1937  152.99  2874.59  0.887249  
1007.8  94.3028  1057.1  172.534  3856.98  0.886628  
441.315  193.345  500.315  265.942  4283.18  0.88637  
879.892  187.551  930.478  274.079  4377.11  0.88637  
1103.69  2.25016  1165.69  92.7139  5608.75  0.886369  
655.905  0.726343  706.797  40.2113  2009.46  0.886112  
277.469  -3.28028  359.702  83.5867  7143.33  0.886112  
1771.92  189.485  1828.39  248.124  3311.06  0.886112  
664.236  189.921  720.702  248.559  3311.06  0.886112  
587.599  99  660.401  189  6552.19  0.886023  
1700.95  190.562  1773.75  247.047  4112.19  0.886023  
939.534  96.2826  1007.97  200.655  7143.33  0.886023  
1167.65  191.418  1249.88  263.086  5893.45  0.886023  
1330.25  201.035  1398.69  287.902  5945.24  0.886023  
276.366  98.4446  349.168  176.257  5664.93  0.885691  
1099.53  4.56649  1167.97  91.4335  5945.24  0.885691  
1277.47  160.098  1345.91  246.965  5945.24  0.885691  
1168.88  191.418  1251.11  263.086  5893.45  0.885691  
442.102  193.101  499.398  265.738  4161.79  0.88562  
440.28  194.459  500.589  264.827  4243.84  0.885614  
1279.69  161.822  1341.69  244.417  5120.88  0.885614  
53.887  93.9208  112.887  180.449  5105.15  0.885614  
1790  100.887  1849  173.483  4283.18  0.885614  
1330.41  201.233  1398.47  287.761  5889.16  0.885614  
1330.47  200.123  1398.53  286.651  5889.16  0.885614  
1274.19  93.2766  1335.34  159.895  4073.53  0.884692  
1006.71  94.2892  1057.6  172.102  3960.02  0.884692  
1843.63  -3.28028  1925.86  83.5867  7143.33  0.884692  
1312.36  0.726343  1385.16  40.2113  2874.59  0.884302  
947.631  0.0976448  1029.86  86.9647  7143.33  0.884302  
127.222  -1.52368  275.148  58.7497  8915.99  0.883842  
1410.36  94.468  1488.01  167.064  5637.78  0.883842  
285.97  187.551  373.634  274.079  7585.32  0.883842  
1056.51  96.1988  1107.1  168.795  3672.36  0.883744  
663.774  193.586  722.774  243.127  2922.87  0.883744  
0.775499  1.33291  60.7244  79.5637  4689.84  0.883676  
883.998  96.2006  938.725  150.37  2964.52  0.883676  
1166.87  190.894  1252.93  261.767  6098.85  0.883676  
794.136  3.43785  876.369  51.0422  3914.65  0.883192  
712.652  2.73299  790.312  52.2731  3847.25  0.882964  
56.0091  95.6312  109.155  179.049  4433.28  0.88274  
1279.69  157.125  1341.69  247.588  5608.75  0.882598  
243.531  187.97  288.612  262.659  3367.1  0.88206  
654.707  0.33264  705.293  40.6612  2040.07  0.88206  
711.856  2.73299  789.515  52.2731  3847.25  0.88206  
796.554  1.58647  874.213  51.1266  3847.25  0.88206  
1310.05  0.33264  1387.71  40.6612  3131.89  0.88206  
796.557  1.95609  874.217  51.4962  3847.25  0.88206  
421.783  92.1103  499.443  141.65  3847.25  0.88206  
56.2841  95.422  108.88  179.258  4409.4  0.881949  
1483.6  1.04569  1556.4  48.4878  3453.89  0.881917  
717.78  3.00226  786.22  50.6066  3258.07  0.881917  
794.281  -2.51492  876.514  56.1238  4822.03  0.881917  
1227.6  1.2662  1309.84  59.9049  4822.03  0.881917  
444.534  -2.07932  500.999  56.5594  3311.06  0.881917  
717.78  -2.07932  786.22  56.5594  4013.27  0.881917  
275.446  92.3509  348.248  182.351  6552.19  0.881767  
1576.66  193.247  1637.81  271.06  4758.05  0.881285  
1573.01  189.917  1641.45  276.784  5945.24  0.881285  
241.175  190.13  290.968  260.498  3503.8  0.881014  
1710.02  -0.847424  1791.63  73.8413  6095.2  0.881014  
1719.15  91.429  1787.22  151.702  4102.26  0.881014  
1166.24  190.025  1253.9  262.622  6364.03  0.880928  
936.068  341.326  1011.28  385.68  3336.2  0.88039  
937.354  96.0927  1010.16  199.166  7503.99  0.880255  
498.124  187.814  580.357  292.186  8582.86  0.880255  
1309.67  0.272655  1387.33  40.6013  3131.89  0.879805  
1306.26  1.63108  1392.13  41.1161  3390.31  0.878777  
1160.41  0.0976448  1228.85  86.9647  5945.24  0.878777  
0.369686  93.4851  56.8352  152.124  3311.06  0.878777  
-1.82593  96.3602  59.3216  152.845  3453.89  0.878424  
2.35281  -2.08262  58.8183  84.7844  4904.99  0.878424  
1276.53  97.2662  1333  155.905  3311.06  0.878424  
1276.53  98.3713  1333  157.01  3311.06  0.878424  
1035.46  0.755421  1105.91  71.1234  4957.07  0.878405  
1850.42  95.0343  1945.18  147.335  4956.29  0.878405  
1034.92  -1.40495  1106.45  73.2838  5341.85  0.878405  
1851.74  95.2293  1943.86  147.14  4782.06  0.878405  
421.783  92.8734  499.443  142.414  3847.25  0.878405  
439.434  192.299  501.434  266.988  4630.7  0.877571  
57.4731  93.9208  108.059  180.449  4377.11  0.877571  
1577.32  188.736  1636.32  275.264  5105.15  0.877571  
77.8127  193.266  160.046  251.905  4822.03  0.876855  
1412.46  186.752  1494.69  258.419  5893.45  0.876855  
1020.37  189.485  1088.81  248.124  4013.27  0.876267  
1276.63  159.093  1344.7  245.621  5889.16  0.875957  
1600.13  84.5419  1660.07  145.049  3627.35  0.87533  
946.93  0.779392  1032.98  88.6501  7561.61  0.874867  
370.248  188.346  443.05  266.158  5664.93  0.874755  
1312.79  0.726343  1385.6  40.2113  2874.59  0.874652  
444.634  3.00226  501.1  50.6066  2688  0.874652  
1571.78  187.8  1640.22  274.667  5945.24  0.874608  
1021.45  189.366  1089.51  249.64  4102.26  0.87371  
499.631  190.059  581.864  294.432  8582.86  0.873708  
1716.23  94.056  1789.6  149.745  4085.9  0.873652  
1824.13  190.692  1903.87  291.937  8072.28  0.873554  
1278.61  97.0698  1331.76  156.301  3148.65  0.873554  
886.554  94.5622  937.446  151.047  2874.59  0.873213  
76.2199  192.186  160.176  253.186  5121.33  0.872762  
1006.71  97.3236  1057.29  169.92  3672.36  0.872762  
58.0939  94.3017  108.68  180.83  4377.11  0.872762  
655.905  1.63108  706.797  41.1161  2009.46  0.872586  
240.447  192.105  291.339  258.723  3390.31  0.871864  
1788.72  98.785  1849.85  177.016  4782.05  0.871454  
945.816  -1.46885  1031.68  88.5312  7727.68  0.871036  
886.554  94.9978  937.446  151.482  2874.59  0.871036  
589.78  100.566  658.22  187.434  5945.24  0.870563  
1274.18  157.626  1346.99  247.626  6552.19  0.870256  
278.546  93.9174  346.987  180.784  5945.24  0.870256  
794.136  -2.51492  876.369  56.1238  4822.03  0.870084  
1823.2  192.221  1904.8  290.408  8012.84  0.870048  
937.916  344.212  1009.44  382.794  2759.49  0.870048  
938.904  344.212  1010.43  382.794  2759.49  0.870048  
1330.47  200.12  1398.53  286.648  5889.16  0.870048  
440.957  192.518  500.543  266.322  4397.7  0.869453  
441.315  192.976  500.315  265.572  4283.18  0.869273  
1021.6  189.366  1089.66  249.64  4102.26  0.869273  
0.515099  95.4285  56.9806  154.067  3311.06  0.869247  
277.626  93.9174  346.067  180.784  5945.24  0.869247  
1003.92  97.3617  1060.39  169.029  4046.76  0.869247  
651.685  0.71604  710.685  41.0446  2379.39  0.868944  
1790  101.773  1849  174.37  4283.18  0.867403  
879.892  187.17  930.478  273.698  4377.11  0.867403  
1636.82  191.813  1703.38  265.617  4912.26  0.865802  
1277.65  96.1856  1332.72  157.186  3358.85  0.865757  
443.204  1.35261  503.514  53.6535  3154.22  0.8656  
200.653  94.1304  280.383  164.498  5610.46  0.8656  
442.359  1.54766  504.359  53.4585  3218.47  0.8656  
1788.86  2.34288  1847.86  74.9392  4283.18  0.8656  
1573.01  188.72  1641.45  275.587  5945.24  0.865302  
1711.99  0.198792  1789.65  72.7951  5637.78  0.864411  
886.341  93.3664  936.927  153.64  3049  0.864411  
1104.18  3.42167  1163.18  89.9496  5105.15  0.864183  
1105.19  4.21807  1164.19  90.746  5105.15  0.864183  
1828.95  190.709  1901.75  293.782  7503.99  0.864088  
939.534  95.4432  1007.97  199.816  7143.33  0.864088  
1703.13  189.485  1771.57  248.124  4013.27  0.864088  
937.057  344.896  1012.27  382.11  2799.05  0.863293  
1702.31  188.741  1773.83  247.972  4236.34  0.863293  
1276.66  159.093  1344.72  245.621  5889.16  0.863293  
1848.84  97.5865  1946.76  147.127  4851.23  0.863037  
201.536  93.0162  279.195  165.613  5637.78  0.863037  
1103.54  0.528698  1164.66  92.9712  5650.77  0.86221  
1789.49  98.379  1849.08  177.049  4687.65  0.86221  
881.982  92.2198  940.982  152.493  3556.13  0.861447  
661.378  95.7119  747.241  128.288  2797.1  0.860589  
1276.66  159.856  1344.72  246.384  5889.16  0.860296  
440.934  193.345  499.934  265.942  4283.18  0.860296  
370.421  193.313  440.866  263.681  4957.07  0.858353  
370.248  188.491  443.05  266.304  5664.93  0.857913  
0.515099  95.2831  56.9806  153.922  3311.06  0.857901  
661.612  93.0327  747.665  129.69  3154.51  0.857775  
77.394  189.255  159.002  256.117  5456.46  0.857492  
935.457  96.932  1008.26  200.006  7503.99  0.856755  
883.767  93.4851  940.233  152.124  3311.06  0.856024  
1275.68  97.3454  1334.68  157.619  3556.13  0.855928  
1702.85  192.206  1773.29  244.507  3684.33  0.855587  
371.055  190.039  442.576  264.728  5341.85  0.855587  
662.483  92.2575  748.346  131.743  3390.31  0.855272  
660.428  93.0275  748.303  130.241  3270.11  0.855046  
663.562  92.3428  745.17  130.925  3148.65  0.855046  
1852.02  96.4747  1943.78  147.612  4692.3  0.854364  
201.3  95.1239  281.201  162.714  5400.49  0.854364  
663.627  192.332  723.213  243.469  3047.05  0.854364  
243.462  189.814  289.199  260.686  3241.5  0.854364  
242.793  189.581  288.993  261.248  3311.06  0.854276  
819.436  95.0336  885.994  182.127  5796.76  0.853823  
663.445  190.816  723.394  244.985  3247.38  0.853823  
1824.23  190.059  1906.47  294.432  8582.86  0.853275  
274.248  97.2469  347.05  175.06  5664.93  0.853203  
883.767  93.9207  940.233  152.559  3311.06  0.853203  
373.007  191.098  439.565  264.902  4912.26  0.853199  
1484.56  0.734205  1557.94  47.1232  3403.58  0.853178  
1484.56  0.876791  1557.94  47.2658  3403.58  0.853178  
424.03  94.2253  497.4  140.614  3403.58  0.853178  
1276.37  159.193  1344.81  246.06  5945.24  0.853016  
0.967436  94.461  57.0715  154.968  3394.71  0.852407  
287.207  190.495  371.163  270.787  6740.99  0.852227  
877.647  190.669  932.71  270.961  4421.12  0.852227  
288.381  189.344  369.989  271.938  6740.4  0.852227  
276.429  92.7197  344.869  179.587  5945.24  0.851972  
938.011  96.7646  1008.46  198.009  7132.18  0.851688  
374.086  192.2  439.544  262.568  4606.14  0.851688  
369.883  191.153  441.404  265.841  5341.85  0.851688  
499.638  190.692  579.368  291.937  8072.28  0.850916  
937.916  344.769  1009.44  383.352  2759.49  0.850916  
799.315  1.01173  872.685  52.1487  3751.94  0.850388  
879.579  188.577  930.921  271.995  4282.83  0.850388  
937.601  343.235  1010.97  384.765  3047.05  0.849465  
199.714  95.8835  281.322  162.745  5456.46  0.849389  
369.706  188.346  442.508  266.158  5664.93  0.848467  
372.429  191.418  440.869  263.086  4904.99  0.848467  
240.778  189.016  291.365  261.613  3672.36  0.848382  
937.638  96.2826  1006.08  200.655  7143.33  0.846034  
1036.66  -0.358734  1104.72  72.2376  4940.96  0.84587  
937.391  96.7646  1007.84  198.009  7132.18  0.845175  
936.068  341.883  1011.28  386.238  3336.2  0.845175  
499.809  192.221  581.417  290.408  8012.84  0.845175  
1825.17  190.3  1902.83  292.329  7923.55  0.845175  
934.847  343.339  1012.51  383.667  3131.89  0.845175  
937.473  98.2936  1008.99  196.48  7022.47  0.844086  
1275.68  96.549  1334.68  156.822  3556.13  0.844086  
937.354  344.116  1010.16  383.601  2874.59  0.84116  
1927  1.41977  2002.22  81.7116  6039.27  0.840436  
74.3664  192.549  162.03  252.822  5283.76  0.840436  
1700.95  189.754  1773.75  246.238  4112.19  0.839125  
372.429  191.564  440.869  263.231  4904.99  0.839125  
371.887  191.418  440.328  263.086  4904.99  0.839125  
936.852  98.2936  1008.37  196.48  7022.47  0.838613  
935.836  343.339  1013.49  383.667  3131.89  0.838613  
1278.95  94.7731  1331.55  158.727  3363.67  0.838597  
1103.54  0.860088  1164.66  93.3026  5650.77  0.837851  
503.533  0.505629  564.681  56.9901  3453.89  0.83785  
765.247  230.627  802.753  354.893  4660.77  0.835727  
878.599  189.518  931.758  272.113  4390.6  0.835275  
937.354  343.789  1010.16  383.274  2874.59  0.834022  
1574.08  190.153  1640.64  273.989  5579.98  0.833958  
1033.75  1.94317  1106.55  68.5611  4849.93  0.833137  
1163.79  0.191433  1225.37  83.6092  5137.3  0.831874  
1035.93  -0.581722  1104.37  71.086  4904.99  0.83155  
1704.04  188.22  1772.1  248.493  4102.26  0.831128  
1163.79  0.00516129  1225.37  83.423  5137.3  0.831066  
1493.57  95.1969  1555.86  187.639  5758.97  0.831066  
1279.04  94.7731  1331.64  158.727  3363.67  0.830453  
1277.2  97.1077  1333.3  157.615  3394.71  0.830398  
499.698  195.997  579.428  286.632  7226.35  0.830388  
498.759  192.221  580.367  290.408  8012.84  0.830388  
1718.14  95.0343  1788.58  147.335  3684.33  0.830234  
2.72175  94.7263  55.3172  154.703  3154.51  0.829912  
200.968  95.4553  280.869  163.045  5400.49  0.829912  
242.534  188.931  289.553  261.569  3415.33  0.829912  
443.859  2.73299  502.859  52.2731  2922.87  0.82925  
878.952  189.961  931.548  270.611  4241.8  0.829162  
1103.58  0.754578  1164.72  90.7546  5503.28  0.828771  
505.874  -0.57151  562.34  58.0672  3311.06  0.828625  
1274.29  93.2766  1335.44  159.895  4073.53  0.827647  
200.501  93.334  280.231  163.702  5610.46  0.826794  
370.437  190.043  441.959  264.731  5341.85  0.825623  
372.785  191.086  440.846  263.682  4940.96  0.825623  
371.613  192.199  439.674  264.795  4940.96  0.825623  
498.699  191.425  580.307  289.611  8012.84  0.82394  
1923.81  0.268288  2005.42  82.8631  6740.4  0.823513  
373.469  187.241  438.927  267.533  5255.73  0.822611  
1276.63  97.2662  1333.1  155.905  3311.06  0.822532  
1788.72  98.5987  1849.85  176.829  4782.05  0.821774  
660.534  95.3676  748.197  127.901  2851.96  0.819139  
1703.13  188.677  1771.57  247.316  4013.27  0.818255  
1277.2  96.8276  1333.3  157.335  3394.71  0.818216  
0.0117779  1.24691  61.1593  79.0595  4758.05  0.817506  
285.353  187.377  373.016  273.905  7585.32  0.816438  
879.885  194.517  930.472  267.113  3672.36  0.816438  
2.35281  -3.28028  58.8183  83.5867  4904.99  0.815301  
765.247  231.063  802.753  355.328  4660.77  0.815301  
939.203  96.3722  1007.26  198.402  6944.22  0.814525  
873.749  0.326965  946.551  78.1396  5664.93  0.813949  
499.638  195.201  579.368  285.835  7226.35  0.813871  
934.847  343.896  1012.51  384.225  3131.89  0.813871  
938.583  96.3722  1006.64  198.402  6944.22  0.812948  
501.783  190.3  579.443  292.329  7923.55  0.812948  
936.82  343.789  1009.62  383.274  2874.59  0.812599  
869.033  -4.20023  951.266  82.6668  7143.33  0.812399  
1277.29  97.1077  1333.39  157.615  3394.71  0.811627  
274.065  94.7205  347.435  178.557  6151.09  0.811217  
1717.6  91.5689  1789.12  150.801  4236.34  0.809899  
201.688  93.0162  279.348  165.613  5637.78  0.80907  
1638.64  191.093  1700.64  265.781  4630.7  0.808218  
1278.95  95.1045  1331.55  159.058  3363.67  0.806936  
1822.42  190.583  1908.28  293.657  8850.23  0.806255  
199.562  95.0871  281.17  161.949  5456.46  0.805718  
1164.79  -0.668007  1224.37  83.1681  4995.47  0.805595  
360.973  0.89275  447.027  90.4459  7706.39  0.804813  
279.131  0.92527  359.032  81.5749  6443.99  0.804304  
165.254  192.111  245.155  252.088  4792.22  0.804304  
1716.56  93.4958  1789.94  149.184  4085.9  0.803695  
1824.23  189.934  1906.47  294.306  8582.86  0.803589  
1925.78  -1.46198  2003.44  85.066  6719.7  0.802521  
1103.18  1.59328  1164.33  91.5933  5503.28  0.800542  
747.706  95.5821  822.923  165.95  5292.83  0.800542  
658.458  92.3428  750.578  130.925  3554.26  0.800542  
749.554  93.4218  821.075  168.11  5341.85  0.800542  
1636.91  193.253  1702.37  263.621  4606.14  0.800343  
1701.96  187.857  1772.41  248.857  4297.14  0.800343  
1701.42  188.741  1772.95  247.972  4236.34  0.800343  
748.667  92.3458  821.469  170.158  5664.93  0.800195  
1704.62  190.738  1771.18  246.426  3706.53  0.799813  
750.847  95.4183  819.288  167.086  4904.99  0.79976  
1104.51  1.3682  1164.82  92.0031  5466.11  0.798725  
1828.24  192.241  1899.76  290.428  7022.47  0.798725  
660.581  93.0275  748.455  130.241  3270.11  0.798258  
1105.52  3.15977  1161.99  90.0268  4904.99  0.797064  
55.432  95.5412  110.159  178.959  4565.21  0.795904  
128.566  -1.00283  274.152  58.2288  8623.31  0.795626  
1573.91  191.854  1639.37  272.146  5255.73  0.795517  
1575.64  190.703  1637.64  273.297  5120.88  0.795517  
500.733  190.3  578.393  292.329  7923.55  0.795517  
1103.67  -2.40776  1165.67  95.779  6087.58  0.792142  
0.662714  94.7658  56.7668  155.273  3394.71  0.792039  
372.168  191.089  440.228  263.685  4940.96  0.789707  
1110.4  94.2892  1183.21  172.102  5664.93  0.7892  
1191.31  92.2575  1277.18  131.743  3390.31  0.789124  
1701.49  190.562  1774.29  247.047  4112.19  0.789124  
1099.93  2.32107  1168.37  89.1881  5945.24  0.788583  
713.077  1.41259  788.294  53.7135  3933.89  0.786639  
714.925  1.60764  786.446  53.5184  3712.74  0.786639  
1704.62  190.486  1771.18  246.175  3706.53  0.786125  
1719.33  91.048  1787.39  151.321  4102.26  0.785834  
1826.39  189.896  1901.61  291.14  7615.27  0.782837  
500.673  189.503  578.333  291.533  7923.55  0.782837  
201.536  92.2198  279.195  164.816  5637.78  0.782578  
937.391  96.1438  1007.84  197.388  7132.18  0.782294  
1636.91  193.313  1702.37  263.681  4606.14  0.782294  
937.916  93.9324  1009.44  199.6  7557.5  0.782294  
1638.62  190.289  1699.77  268.102  4758.05  0.781566  
56.4978  94.7006  109.093  179.8  4475.81  0.781445  
1006.6  96.2991  1059.76  170.988  3970.33  0.781137  
1943.98  94.0831  2023.88  172.753  6285.84  0.780631  
1944.12  94.0831  2024.02  172.753  6285.84  0.780631  
1277.47  158.645  1344.03  246.516  5848.51  0.780631  
1008.28  93.4976  1058.07  173.789  3997.93  0.779473  
1408.55  94.0426  1490.16  168.731  6095.2  0.779473  
497.816  189.689  583.679  292.763  8850.23  0.779249  
499.631  189.04  581.864  293.412  8582.86  0.779249  
1407.38  96.203  1491.34  166.571  5907.83  0.777551  
1491.44  96.6622  1557.99  185.747  5929.3  0.77679  
660.686  95.3676  748.35  127.901  2851.96  0.775333  
1572.61  188.736  1640.67  275.264  5889.16  0.775238  
1710.8  0.117432  1790.7  73.9215  5897.03  0.774431  
1925.47  -0.0177422  2005.37  83.8184  6698.6  0.774431  
424.735  94.2237  498.105  140.613  3403.58  0.774431  
1638.64  191.153  1700.64  265.841  4630.7  0.774278  
1635.61  192.139  1703.67  264.735  4940.96  0.772314  
1703.15  188.22  1771.22  248.493  4102.26  0.772314  
713.985  -1.43778  786.787  55.0467  4112.19  0.771324  
1573.47  190.53  1640.03  274.366  5579.98  0.770761  
127.396  -1.52368  275.322  58.7497  8915.99  0.769832  
658.049  92.4212  749.808  129.079  3363.67  0.769291  
1943.56  91.1996  2025.17  173.794  6740.4  0.769218  
1636.68  191.813  1703.24  265.617  4912.26  0.767702  
2.41703  94.8728  55.0125  154.85  3154.51  0.767602  
589.143  97.3682  659.588  188.003  6384.77  0.765183  
1103.72  0.528698  1164.85  92.9712  5650.77  0.763956  
1103.87  93.8537  1189.74  171.666  6681.24  0.763565  
1104.31  94.2892  1190.17  172.102  6681.24  0.763565  
1947.29  94.2892  2020.09  172.102  5664.93  0.763565  
1105.69  97.3617  1187.92  169.029  5893.45  0.763565  
1106.12  97.3617  1188.36  169.029  5893.45  0.763565  
1703.67  189.485  1772.11  248.124  4013.27  0.763288  
588.412  97.3682  658.857  188.003  6384.77  0.762352  
587.873  97.4538  659.395  187.918  6470.11  0.762352  
1942.83  92.3461  2024.44  174.941  6740.4  0.762352  
711.856  2.79297  789.515  52.3331  3847.25  0.761279  
1189.38  92.079  1277.25  129.292  3270.11  0.760458  
1192.51  91.3943  1274.12  129.977  3148.65  0.760458  
1825.17  190.32  1902.83  292.35  7923.55  0.760458  
1191.5  93.4665  1277.36  126.043  2797.1  0.757543  
1827.75  190.709  1900.55  293.782  7503.99  0.755158  
1942.57  89.7621  2024.81  176.629  7143.33  0.755158  
1634.98  193.362  1703.42  265.029  4904.99  0.755158  
939.646  95.7513  1007.71  197.781  6944.22  0.754897  
1703.13  187.878  1773.58  248.878  4297.14  0.75454  
588.605  97.4538  660.127  187.918  6470.11  0.75454  
1702.6  188.762  1774.12  247.994  4236.34  0.75454  
1105.17  -4.32918  1164.17  97.7005  6019.75  0.75454  
1007.89  97.3453  1058.47  169.942  3672.36  0.754344  
1405.53  95.0888  1493.19  167.685  6364.03  0.754344  
1331.44  200.724  1397.99  285.823  5664.02  0.752991  
496.605  94.2712  588.726  184.735  8333.58  0.752973  
745.536  94.468  823.195  167.064  5637.78  0.752483  
1484.82  1.04569  1557.63  48.4878  3453.89  0.751707  
1191.31  94.0982  1277.18  126.674  2797.1  0.751114  
274.065  94.5302  347.435  178.366  6151.09  0.748269  
1189.4  92.079  1277.27  129.292  3270.11  0.747152  
1187.27  94.3253  1279.4  127.046  3014.25  0.747152  
1106.49  97.313  1186.22  167.681  5610.46  0.747127  
1944.5  93.4976  2024.23  173.789  6401.69  0.747127  
1105.55  95.1526  1187.16  169.841  6095.2  0.747127  
1278.78  97.0698  1331.94  156.301  3148.65  0.745677  
716.166  -2.51492  784.607  56.1238  4013.27  0.743868  
578.823  188.777  664.686  255.395  5720.03  0.743848  
1105.69  96.9261  1187.92  168.594  5893.45  0.743848  
443.457  -0.570721  503.043  55.1179  3318.27  0.743532  
1635.61  192.199  1703.67  264.795  4940.96  0.743308  
1164.02  0.191433  1225.14  83.6092  5099.12  0.743139  
57.8597  -0.0986404  124.418  76.298  5084.82  0.743139  
109.101  95.9014  200.86  172.298  7010.12  0.743139  
443.65  0.188995  502.85  54.3582  3206.78  0.742669  
748.565  93.4286  821.935  167.233  5415.03  0.742669  
946.391  1.65787  1032.45  88.751  7494.7  0.742107  
819.925  95.7387  886.484  182.832  5796.76  0.742107  
587.599  97.5933  660.401  187.593  6552.19  0.741191  
503.489  -0.58382  563.798  60.4162  3678.86  0.740458  
1943.77  92.351  2023.5  172.643  6401.69  0.740458  
502.643  0.300346  564.643  59.532  3672.36  0.740458  
1947.91  94.2892  2020.71  172.102  5664.93  0.735658  
1277.83  96.1856  1332.89  157.186  3358.85  0.735654  
1637.2  188.351  1702.66  268.643  5255.73  0.735654  
1944.8  90.3795  2022.46  176.907  6719.7  0.735654  
1945.54  90.3795  2023.2  176.907  6719.7  0.735654  
1704.33  188.242  1772.39  248.515  4102.26  0.735654  
498.728  94.1856  586.603  184.82  7964.53  0.733648  
590.335  99.4217  658.396  185.95  5889.16  0.732871  
1189.48  94.4191  1277.15  126.952  2851.96  0.732291  
1187.83  92.4212  1279.59  129.079  3363.67  0.731786  
1193.52  92.1907  1275.13  130.773  3148.65  0.730303  
497.202  94.7207  588.961  185.279  8309.61  0.728445  
1391.87  0.226677  1477.74  78.0393  6681.24  0.726452  
1943.19  89.7621  2025.43  176.629  7143.33  0.726452  
1823.04  190.059  1905.27  294.432  8582.86  0.726452  
1638.93  191.153  1700.93  265.841  4630.7  0.72436  
1106.86  97.313  1186.59  167.681  5610.46  0.723041  
1105.92  95.1526  1187.53  169.841  6095.2  0.723041  
205.006  96.1055  277.808  162.723  4849.93  0.722625  
200.29  93.5806  282.523  165.248  5893.45  0.721835  
1331.74  201.451  1398.3  286.549  5664.02  0.721562  
589.604  99.4217  657.665  185.95  5889.16  0.716587  
1189.5  94.4191  1277.17  126.952  2851.96  0.715777  
504.143  -0.220507  563.143  60.0529  3556.13  0.714526  
1275.86  96.549  1334.86  156.822  3556.13  0.714526  
1107.53  96.1988  1185.19  168.795  5637.78  0.714526  
1393.67  0.326965  1479.53  78.1396  6681.24  0.714425  
1638.62  188.491  1699.77  266.304  4758.05  0.714425  
1639.43  190.289  1700.58  268.102  4758.05  0.714425  
580.638  192.767  662.871  251.405  4822.03  0.714425  
592.025  99.1598  660.466  186.027  5945.24  0.712026  
1190.39  92.8754  1278.26  130.089  3270.11  0.711686  
1635.9  192.199  1703.96  264.795  4940.96  0.711686  
498.834  96.2391  586.497  182.767  7585.32  0.709244  
1491.44  96.2783  1557.99  186.558  6008.85  0.70875  
1493.73  97.3396  1555.7  185.5  5463.46  0.708174  
1054.95  95.9592  1107.55  169.763  3881.76  0.707799  
1019.87  189.947  1091.39  249.179  4236.34  0.707202  
1018.18  190.998  1090.99  247.482  4112.19  0.706856  
1056.6  96.5426  1105.9  169.18  3581.22  0.706817  
1309.47  -0.0501232  1389.37  41.4796  3318.27  0.705416  
1020.41  189.063  1090.86  250.063  4297.14  0.702431  
274.88  94.7026  346.402  177.297  5907.31  0.702431  
1.48171  1.52318  60.6809  79.7539  4631.2  0.702126  
1107.9  96.1988  1185.56  168.795  5637.78  0.700913  
276.708  0.875278  360.664  81.1671  6740.99  0.70075  
277.882  -0.276207  359.49  82.3186  6740.4  0.70075  
1409.3  93.8935  1489.2  167.698  5897.03  0.700584  
1020.37  189.921  1088.81  248.559  4013.27  0.700284  
274.396  95.332  347.767  179.168  6151.09  0.698748  
273.033  95.8541  348.249  176.146  6039.27  0.696977  
1387.79  3.29912  1485.7  74.9669  7016.73  0.695469  
1393.82  0.326965  1479.68  78.1396  6681.24  0.691456  
1387.65  3.39941  1485.56  75.0672  7016.73  0.691456  
1634.98  191.564  1703.42  263.231  4904.99  0.691456  
1006.95  94.3343  1059.55  173.004  4137.69  0.690894  
578.635  192.165  662.591  253.165  5121.33  0.690756  
579.809  189.234  661.417  256.096  5456.46  0.690756  
275.055  95.8811  346.576  178.476  5907.31  0.686303  
1008.6  94.554  1057.9  172.785  3856.98  0.682939  
1190.87  92.4212  1276.93  129.079  3154.51  0.682865  
275.593  97.0326  346.038  177.324  5656.15  0.682818  
1635.78  193.362  1704.22  265.029  4904.99  0.682803  
271.811  92.736  349.471  179.264  6719.7  0.67424  
1021.6  189.924  1089.66  250.197  4102.26  0.67424  
578.823  189.277  664.686  255.895  5720.03  0.674207  
274.854  -2.08547  362.517  84.4425  7585.32  0.669579  
1106.63  95.098  1186.53  168.902  5897.03  0.667759  
504.075  0.505629  565.223  56.9901  3453.89  0.666783  
501.895  0.360216  563.043  56.8447  3453.89  0.666783  
576.781  192.529  664.445  252.802  5283.76  0.666565  
1.28824  0.313759  60.8744  80.9634  4805.6  0.665559  
1106.63  95.8127  1186.53  169.617  5897.03  0.664846  
1190.49  95.2155  1278.16  127.749  2851.96  0.66442  
577.891  189.277  663.754  255.895  5720.03  0.658439  
1387.79  3.39941  1485.7  75.0672  7016.73  0.658439  
1845.81  -1.1671  1925.54  79.1247  6401.69  0.656332  
1844.87  -2.31858  1926.48  80.2762  6740.4  0.656332  
276.785  94.095  344.846  180.623  5889.16  0.655775  
1846.34  0.0263596  1926.24  78.6965  6285.84  0.653708  
1573.8  191.457  1640.36  273.82  5481.88  0.650259  
579.706  193.266  661.939  251.905  4822.03  0.649091  
580.638  193.266  662.871  251.905  4822.03  0.647611  
662.223  93.7426  748.277  130.4  3154.51  0.64618  
1093.93  191.418  1162.37  263.086  4904.99  0.64048  
1093.01  191.418  1161.45  263.086  4904.99  0.64048  
653.647  -1.68039  708.71  42.6743  2442.31  0.640031  
654.599  1.20562  707.758  39.7883  2050.99  0.640031  
651.678  0.33264  710.678  40.6612  2379.39  0.640031  
578.635  191.177  662.591  252.177  5121.33  0.639247  
1390.56  1.47091  1482.68  76.1596  6880.38  0.639247  
1106.49  91.7935  1186.22  172.085  6401.69  0.633541  
1090.39  191.139  1165.61  261.507  5292.83  0.633541  
1105.55  94.5951  1187.16  169.284  6095.2  0.633541  
579.809  192.061  661.417  251.292  4833.78  0.633541  
506.416  -0.57151  562.882  58.0672  3311.06  0.632465  
504.236  -0.716923  560.702  57.9218  3311.06  0.632465  
372.821  190.372  439.379  264.176  4912.26  0.629061  
60.2993  -1.15854  122.271  77.0722  4848.1  0.628319  
1227.03  0.111212  1306.93  60.0881  4792.22  0.627751  
1092.24  192.893  1163.76  259.754  4782.06  0.627049  
1701.03  190.056  1774.4  245.745  4085.9  0.623245  
661.377  92.8754  749.252  130.089  3270.11  0.620433  
664.51  92.1907  746.118  130.773  3148.65  0.620433  
1575.82  191.724  1637.82  274.319  5120.88  0.620433  
1577.32  189.915  1636.32  276.442  5105.15  0.620433  
1387.65  2.51712  1485.58  75.1134  7109.01  0.619683  
1090.83  193.943  1163.63  260.561  4849.93  0.619485  
1846.85  2.68066  1924.51  75.277  5637.78  0.618968  
1574.09  193.033  1639.54  273.324  5255.73  0.6168  
1091.75  193.943  1164.55  260.561  4849.93  0.612664  
577.688  190.309  663.742  254.263  5503.46  0.61225  
1390.88  -1.33064  1482.36  78.9612  7344.92  0.607883  
1575.76  190.93  1637.74  274.347  5169.56  0.607093  
885.486  94.5622  936.378  151.047  2874.59  0.602814  
1789.35  97.915  1848.93  176.585  4687.65  0.602572  
1089.17  190.025  1166.83  262.622  5637.78  0.601968  
-0.31436  -0.118896  61.6856  82.4759  5120.88  0.598571  
0.531054  1.03259  60.8402  81.3244  4842.33  0.596863  
579.256  191.177  663.212  252.177  5121.33  0.596283  
580.43  192.061  662.038  251.292  4833.78  0.596283  
1824.76  193.23  1906.37  291.417  8012.84  0.594895  
1825.7  191.701  1905.43  292.946  8072.28  0.592629  
504.357  -0.835522  563.556  59.6719  3581.99  0.5897  
504.164  -0.57028  563.75  59.4066  3573.79  0.5897  
661.483  95.2155  749.146  127.749  2851.96  0.587025  
60.1363  -1.01571  122.434  77.215  4873.61  0.586737  
1480.5  1.44405  1560.4  47.8331  3706.53  0.586366  
1308.76  -0.0384827  1388.67  41.4913  3318.27  0.585922  
871.601  0.0263596  951.502  78.6965  6285.84  0.585393  
1091.24  192.787  1164.61  260.377  4959.08  0.583711  
1091.39  192.787  1164.76  260.377  4959.08  0.583711  
1107.53  95.6413  1185.19  168.238  5637.78  0.581358  
576.781  191.54  664.445  251.813  5283.76  0.581358  
1636.82  190.821  1703.38  267.218  5084.82  0.57588  
577.402  192.549  665.065  252.822  5283.76  0.572433  
500.969  98.3211  583.202  185.188  7143.33  0.564811  
564.708  0.96921  648.664  53.2701  4390.98  0.564775  
884.103  96.9692  939.166  149.27  2879.85  0.564775  
565.882  1.16426  647.49  53.0751  4236.34  0.564775  
885.055  97.1643  938.213  149.075  2759.49  0.564775  
562.854  -3.01702  650.517  57.2563  5283.76  0.564775  
882.134  98.3496  941.134  147.89  2922.87  0.564775  
565.378  -1.00219  651.241  55.4823  4849.93  0.563554  
1499.91  189.754  1572.71  246.238  4112.19  0.563554  
1.18564  -2.08547  60.1856  84.4425  5105.15  0.563383  
567.193  -2.07932  649.426  56.5594  4822.03  0.56262  
589.143  98.1646  659.588  188.799  6384.77  0.562417  
1190.87  92.7526  1276.93  129.41  3154.51  0.560176  
1826.74  191.309  1904.4  293.338  7923.55  0.559923  
1788.58  98.1347  1849.7  176.365  4782.05  0.556951  
1575.6  190.739  1637.9  274.157  5196.75  0.556951  
765.57  231.566  805.058  354.195  4842.33  0.555336  
1092.95  192.605  1165.75  259.223  4849.93  0.553188  
3.75214  190.531  76.5543  280.531  6552.19  0.553188  
1095.13  190.08  1163.57  261.748  4904.99  0.553188  
-0.963238  192.098  81.2697  278.965  7143.33  0.546266  
946.193  65.6602  975.084  90.5391  718.757  0.543644  
947.016  64.9897  974.822  91.2096  729.068  0.543202  
1037.47  -0.0480728  1104.03  70.8245  4717.15  0.543202  
1906.19  190.604  1997.95  281.396  8331.1  0.543202  
499.154  96.7546  585.017  186.755  7727.68  0.53751  
588.529  99  661.331  189  6552.19  0.53751  
1495.41  192.146  1575.31  243.283  4085.9  0.53738  
503.489  -1.887  563.798  59.113  3678.86  0.536507  
1390.87  -1.33064  1482.35  78.9612  7344.92  0.536507  
1390.55  1.47091  1482.67  76.1596  6880.38  0.536507  
882.7  93.4851  939.165  152.124  3311.06  0.533629  
590.709  100.566  659.15  187.434  5945.24  0.532948  
1904.63  191.384  1996.75  281.848  8333.58  0.532405  
1906.85  193.352  1994.52  279.88  7585.32  0.532405  
588.605  99.1339  660.127  189.598  6470.11  0.532133  
1904.95  191.299  1996.42  281.934  8291.08  0.531674  
763.936  227.552  805.923  358.839  5512.37  0.531207  
502.643  -1.00283  564.643  58.2288  3672.36  0.531009  
1495.77  191.921  1575.5  244.222  4169.97  0.528722  
1494.83  192.116  1576.44  244.027  4236.34  0.528722  
1496.8  193.301  1574.46  242.842  3847.25  0.528722  
1493.47  188.677  1575.7  247.316  4822.03  0.527312  
763.864  233.38  806.765  352.38  5105.15  0.522183  
762.773  229.913  807.855  355.847  5677.34  0.519885  
504.143  -1.52368  563.143  58.7497  3556.13  0.517718  
1391.67  2.51712  1479.33  75.1134  6364.03  0.517718  
1106.63  95.9592  1186.53  169.763  5897.03  0.516645  
580.764  190.123  660.665  254.076  5109.97  0.509967  
1390.87  -2.21744  1482.35  78.0744  7344.92  0.509769  
1390.55  0.584106  1482.67  75.2728  6880.38  0.509769  
590.335  101.102  658.396  187.63  5889.16  0.50085  
946.474  65.6602  975.364  90.5391  718.757  0.499448  
947.235  64.453  974.602  91.7464  746.931  0.499448  
947.567  64.453  974.933  91.7464  746.931  0.499056  
946.805  67.1123  975.695  91.9911  718.757  0.498651  
945.613  64.19  977.016  91.6424  862.085  0.498226  
795.03  1.01336  874.931  52.1503  4085.9  0.498072  
946.314  65.2189  976.314  90.6134  761.836  0.497943  
944.816  63.9504  976.219  91.4027  862.085  0.497943  
1483.24  0.734205  1556.61  47.1232  3403.58  0.497695  
945.518  64.9793  975.518  90.3738  761.836  0.497616  
947.323  64.9793  977.323  90.3738  761.836  0.497616  
945.231  65.64  976.046  91.8599  807.943  0.497245  
503.819  -0.835522  563.018  59.6719  3581.99  0.496338  
503.625  -0.57028  563.211  59.4066  3573.79  0.496338  
1769.77  189.887  1831.77  249.119  3672.36  0.496289  
1771.27  189.366  1830.27  249.64  3556.13  0.496289  
1770.61  189.003  1830.92  250.003  3678.86  0.495701  
761.83  231.063  808.03  355.328  5741.1  0.495212  
564.335  -1.04878  650.388  54.6399  4792.22  0.493306  
1482.76  -1.12926  1557.97  51.1716  3933.89  0.492272  
1484.61  -0.934216  1556.13  50.9766  3712.74  0.492272  
870.82  -1.1671  950.551  79.1247  6401.69  0.491058  
869.882  -2.31858  951.49  80.2762  6740.4  0.491058  
1392.78  1.63032  1480.44  74.2266  6364.03  0.490888  
662.483  94.6442  748.346  127.22  2797.1  0.490424  
871.856  2.52335  949.515  75.1197  5637.78  0.489657  
1900.44  192.221  2000.73  282.221  9026.26  0.48901  
1901.63  193.788  1999.54  280.655  8504.83  0.487393  
1576.29  190.93  1637.87  274.347  5137.3  0.480881  
1390.83  0.551624  1482.59  76.9482  7010.12  0.4773  
588.412  99.0484  658.857  189.683  6384.77  0.477228  
587.953  97.776  661.324  187.724  6599.5  0.473086  
499.654  94.5312  585.517  184.531  7727.68  0.471644  
501.469  96.0977  583.702  182.965  7143.33  0.467642  
1090.39  190.9  1165.61  261.268  5292.83  0.467632  
-1.58069  190.531  84.2825  280.531  7727.68  0.463118  
1092.24  192.653  1163.76  259.515  4782.06  0.46284  
946.622  63.9504  978.025  91.4027  862.085  0.461073  
1906.63  190.246  1998.1  280.88  8291.08  0.456795  
1906.31  190.331  1998.43  280.795  8333.58  0.456795  
1481.54  0.408426  1559.2  49.9486  3847.25  0.455821  
1906.05  190.505  1997.81  281.495  8349.12  0.454301  
503.819  -1.04925  563.018  59.4581  3581.99  0.454123  
503.625  -0.784004  563.211  59.1929  3573.79  0.454123  
947.567  68.0517  974.933  91.0517  629.435  0.4541  
1493.88  95.1969  1555.85  187.639  5728.83  0.453859  
654.341  0.254599  706.936  41.7843  2184.27  0.453572  
652.019  0.22994  708.123  41.809  2332.75  0.453229  
885.064  94.9512  937.659  150.64  2928.97  0.45282  
947.347  67.8151  975.153  91.2884  652.698  0.452331  
0.234425  192.098  82.4673  278.965  7143.33  0.452287  
883.309  95.7109  939.414  149.88  3039.11  0.451051  
587.873  99.1339  659.395  189.598  6470.11  0.444327  
1089.17  189.786  1166.83  262.382  5637.78  0.444327  
1944.69  94.0847  2024.59  172.755  6285.84  0.439777  
1944.5  92.7344  2024.23  173.026  6401.69  0.439516  
1943.56  91.5829  2025.17  174.178  6740.4  0.411459  
589.604  101.102  657.665  187.63  5889.16  0.411427  
